0
0.001999
0.003998
0.005997
0.007996
0.009995
0.011994
0.013993
0.015992
0.017991
0.01999
0.021989
0.023988
0.025987
0.027986
0.029985
0.031984
0.033983
0.035982
0.037981
0.03998
0.041979
0.043978
0.045977
0.047976
0.049975
0.051974
0.053973
0.055972
0.057971
0.05997
0.061969
0.063968
0.065967
0.067966
0.069965
0.071964
0.073963
0.075962
0.077961
0.07996
0.081959
0.083958
0.085957
0.087956
0.089955
0.091954
0.093953
0.095952
0.097951
0.09995
0.10195
0.10395
0.10595
0.10795
0.10995
0.11194
0.11394
0.11594
0.11794
0.11994
0.12194
0.12394
0.12594
0.12794
0.12994
0.13193
0.13393
0.13593
0.13793
0.13993
0.14193
0.14393
0.14593
0.14793
0.14993
0.15192
0.15392
0.15592
0.15792
0.15992
0.16192
0.16392
0.16592
0.16792
0.16992
0.17191
0.17391
0.17591
0.17791
0.17991
0.18191
0.18391
0.18591
0.18791
0.18991
0.1919
0.1939
0.1959
0.1979
0.1999
0.2019
0.2039
0.2059
0.2079
0.2099
0.21189
0.21389
0.21589
0.21789
0.21989
0.22189
0.22389
0.22589
0.22789
0.22989
0.23188
0.23388
0.23588
0.23788
0.23988
0.24188
0.24388
0.24588
0.24788
0.24988
0.25187
0.25387
0.25587
0.25787
0.25987
0.26187
0.26387
0.26587
0.26787
0.26987
0.27186
0.27386
0.27586
0.27786
0.27986
0.28186
0.28386
0.28586
0.28786
0.28986
0.29185
0.29385
0.29585
0.29785
0.29985
0.30185
0.30385
0.30585
0.30785
0.30985
0.31184
0.31384
0.31584
0.31784
0.31984
0.32184
0.32384
0.32584
0.32784
0.32984
0.33183
0.33383
0.33583
0.33783
0.33983
0.34183
0.34383
0.34583
0.34783
0.34983
0.35182
0.35382
0.35582
0.35782
0.35982
0.36182
0.36382
0.36582
0.36782
0.36982
0.37181
0.37381
0.37581
0.37781
0.37981
0.38181
0.38381
0.38581
0.38781
0.38981
0.3918
0.3938
0.3958
0.3978
0.3998
0.4018
0.4038
0.4058
0.4078
0.4098
0.41179
0.41379
0.41579
0.41779
0.41979
0.42179
0.42379
0.42579
0.42779
0.42979
0.43178
0.43378
0.43578
0.43778
0.43978
0.44178
0.44378
0.44578
0.44778
0.44978
0.45177
0.45377
0.45577
0.45777
0.45977
0.46177
0.46377
0.46577
0.46777
0.46977
0.47176
0.47376
0.47576
0.47776
0.47976
0.48176
0.48376
0.48576
0.48776
0.48976
0.49175
0.49375
0.49575
0.49775
0.49975
0.50175
0.50375
0.50575
0.50775
0.50975
0.51174
0.51374
0.51574
0.51774
0.51974
0.52174
0.52374
0.52574
0.52774
0.52974
0.53173
0.53373
0.53573
0.53773
0.53973
0.54173
0.54373
0.54573
0.54773
0.54973
0.55172
0.55372
0.55572
0.55772
0.55972
0.56172
0.56372
0.56572
0.56772
0.56972
0.57171
0.57371
0.57571
0.57771
0.57971
0.58171
0.58371
0.58571
0.58771
0.58971
0.5917
0.5937
0.5957
0.5977
0.5997
0.6017
0.6037
0.6057
0.6077
0.6097
0.61169
0.61369
0.61569
0.61769
0.61969
0.62169
0.62369
0.62569
0.62769
0.62969
0.63168
0.63368
0.63568
0.63768
0.63968
0.64168
0.64368
0.64568
0.64768
0.64968
0.65167
0.65367
0.65567
0.65767
0.65967
0.66167
0.66367
0.66567
0.66767
0.66967
0.67166
0.67366
0.67566
0.67766
0.67966
0.68166
0.68366
0.68566
0.68766
0.68966
0.69165
0.69365
0.69565
0.69765
0.69965
0.70165
0.70365
0.70565
0.70765
0.70965
0.71164
0.71364
0.71564
0.71764
0.71964
0.72164
0.72364
0.72564
0.72764
0.72964
0.73163
0.73363
0.73563
0.73763
0.73963
0.74163
0.74363
0.74563
0.74763
0.74963
0.75162
0.75362
0.75562
0.75762
0.75962
0.76162
0.76362
0.76562
0.76762
0.76962
0.77161
0.77361
0.77561
0.77761
0.77961
0.78161
0.78361
0.78561
0.78761
0.78961
0.7916
0.7936
0.7956
0.7976
0.7996
0.8016
0.8036
0.8056
0.8076
0.8096
0.81159
0.81359
0.81559
0.81759
0.81959
0.82159
0.82359
0.82559
0.82759
0.82959
0.83158
0.83358
0.83558
0.83758
0.83958
0.84158
0.84358
0.84558
0.84758
0.84958
0.85157
0.85357
0.85557
0.85757
0.85957
0.86157
0.86357
0.86557
0.86757
0.86957
0.87156
0.87356
0.87556
0.87756
0.87956
0.88156
0.88356
0.88556
0.88756
0.88956
0.89155
0.89355
0.89555
0.89755
0.89955
0.90155
0.90355
0.90555
0.90755
0.90955
0.91154
0.91354
0.91554
0.91754
0.91954
0.92154
0.92354
0.92554
0.92754
0.92954
0.93153
0.93353
0.93553
0.93753
0.93953
0.94153
0.94353
0.94553
0.94753
0.94953
0.95152
0.95352
0.95552
0.95752
0.95952
0.96152
0.96352
0.96552
0.96752
0.96952
0.97151
0.97351
0.97551
0.97751
0.97951
0.98151
0.98351
0.98551
0.98751
0.98951
0.9915
0.9935
0.9955
0.9975
0.9995
1.0015
1.0035
1.0055
1.0075
1.0095
1.0115
1.0135
1.0155
1.0175
1.0195
1.0215
1.0235
1.0255
1.0275
1.0295
1.0315
1.0335
1.0355
1.0375
1.0395
1.0415
1.0435
1.0455
1.0475
1.0495
1.0515
1.0535
1.0555
1.0575
1.0595
1.0615
1.0635
1.0655
1.0675
1.0695
1.0715
1.0735
1.0755
1.0775
1.0795
1.0815
1.0835
1.0855
1.0875
1.0895
1.0915
1.0935
1.0955
1.0975
1.0995
1.1014
1.1034
1.1054
1.1074
1.1094
1.1114
1.1134
1.1154
1.1174
1.1194
1.1214
1.1234
1.1254
1.1274
1.1294
1.1314
1.1334
1.1354
1.1374
1.1394
1.1414
1.1434
1.1454
1.1474
1.1494
1.1514
1.1534
1.1554
1.1574
1.1594
1.1614
1.1634
1.1654
1.1674
1.1694
1.1714
1.1734
1.1754
1.1774
1.1794
1.1814
1.1834
1.1854
1.1874
1.1894
1.1914
1.1934
1.1954
1.1974
1.1994
1.2014
1.2034
1.2054
1.2074
1.2094
1.2114
1.2134
1.2154
1.2174
1.2194
1.2214
1.2234
1.2254
1.2274
1.2294
1.2314
1.2334
1.2354
1.2374
1.2394
1.2414
1.2434
1.2454
1.2474
1.2494
1.2514
1.2534
1.2554
1.2574
1.2594
1.2614
1.2634
1.2654
1.2674
1.2694
1.2714
1.2734
1.2754
1.2774
1.2794
1.2814
1.2834
1.2854
1.2874
1.2894
1.2914
1.2934
1.2954
1.2974
1.2994
1.3013
1.3033
1.3053
1.3073
1.3093
1.3113
1.3133
1.3153
1.3173
1.3193
1.3213
1.3233
1.3253
1.3273
1.3293
1.3313
1.3333
1.3353
1.3373
1.3393
1.3413
1.3433
1.3453
1.3473
1.3493
1.3513
1.3533
1.3553
1.3573
1.3593
1.3613
1.3633
1.3653
1.3673
1.3693
1.3713
1.3733
1.3753
1.3773
1.3793
1.3813
1.3833
1.3853
1.3873
1.3893
1.3913
1.3933
1.3953
1.3973
1.3993
1.4013
1.4033
1.4053
1.4073
1.4093
1.4113
1.4133
1.4153
1.4173
1.4193
1.4213
1.4233
1.4253
1.4273
1.4293
1.4313
1.4333
1.4353
1.4373
1.4393
1.4413
1.4433
1.4453
1.4473
1.4493
1.4513
1.4533
1.4553
1.4573
1.4593
1.4613
1.4633
1.4653
1.4673
1.4693
1.4713
1.4733
1.4753
1.4773
1.4793
1.4813
1.4833
1.4853
1.4873
1.4893
1.4913
1.4933
1.4953
1.4973
1.4993
1.5012
1.5032
1.5052
1.5072
1.5092
1.5112
1.5132
1.5152
1.5172
1.5192
1.5212
1.5232
1.5252
1.5272
1.5292
1.5312
1.5332
1.5352
1.5372
1.5392
1.5412
1.5432
1.5452
1.5472
1.5492
1.5512
1.5532
1.5552
1.5572
1.5592
1.5612
1.5632
1.5652
1.5672
1.5692
1.5712
1.5732
1.5752
1.5772
1.5792
1.5812
1.5832
1.5852
1.5872
1.5892
1.5912
1.5932
1.5952
1.5972
1.5992
1.6012
1.6032
1.6052
1.6072
1.6092
1.6112
1.6132
1.6152
1.6172
1.6192
1.6212
1.6232
1.6252
1.6272
1.6292
1.6312
1.6332
1.6352
1.6372
1.6392
1.6412
1.6432
1.6452
1.6472
1.6492
1.6512
1.6532
1.6552
1.6572
1.6592
1.6612
1.6632
1.6652
1.6672
1.6692
1.6712
1.6732
1.6752
1.6772
1.6792
1.6812
1.6832
1.6852
1.6872
1.6892
1.6912
1.6932
1.6952
1.6972
1.6992
1.7011
1.7031
1.7051
1.7071
1.7091
1.7111
1.7131
1.7151
1.7171
1.7191
1.7211
1.7231
1.7251
1.7271
1.7291
1.7311
1.7331
1.7351
1.7371
1.7391
1.7411
1.7431
1.7451
1.7471
1.7491
1.7511
1.7531
1.7551
1.7571
1.7591
1.7611
1.7631
1.7651
1.7671
1.7691
1.7711
1.7731
1.7751
1.7771
1.7791
1.7811
1.7831
1.7851
1.7871
1.7891
1.7911
1.7931
1.7951
1.7971
1.7991
1.8011
1.8031
1.8051
1.8071
1.8091
1.8111
1.8131
1.8151
1.8171
1.8191
1.8211
1.8231
1.8251
1.8271
1.8291
1.8311
1.8331
1.8351
1.8371
1.8391
1.8411
1.8431
1.8451
1.8471
1.8491
1.8511
1.8531
1.8551
1.8571
1.8591
1.8611
1.8631
1.8651
1.8671
1.8691
1.8711
1.8731
1.8751
1.8771
1.8791
1.8811
1.8831
1.8851
1.8871
1.8891
1.8911
1.8931
1.8951
1.8971
1.8991
1.901
1.903
1.905
1.907
1.909
1.911
1.913
1.915
1.917
1.919
1.921
1.923
1.925
1.927
1.929
1.931
1.933
1.935
1.937
1.939
1.941
1.943
1.945
1.947
1.949
1.951
1.953
1.955
1.957
1.959
1.961
1.963
1.965
1.967
1.969
1.971
1.973
1.975
1.977
1.979
1.981
1.983
1.985
1.987
1.989
1.991
1.993
1.995
1.997
1.999
